-0.061198987  0.33679327  -0.22298309  0.25013682  -0.21572034  0.1286461  0.038268615  0.13188209  0.3132755  0.18834528
-0.39121166  -0.19063914  -0.2651839  0.51509196  -0.9669196  1.1316118  0.32754079  -0.1679742  0.21403982  -0.0827754
-0.117275946  -0.50662184  0.16157636  -0.4559193  0.7273664  0.04507939  -0.7746162  -0.33674258  0.53149897  0.57326645
-0.07269757  0.27421695  0.43451235  0.18743362  -0.46228  0.07616538  -0.1783719  -0.8220893  0.638261  -0.38211602
-0.3793459  -0.16965048  0.0053228876  -0.05155857  -0.26246116  1.2732015  -0.34898865  -0.110112794  -0.16662648  0.027554711
0.14254853  -0.7453201  0.45208788  -0.042528924  0.29472953  0.16598125  0.47049224  0.27666008  -0.18689893  -0.9640608
0.335538  -0.08394323  -0.5415621  0.41089666  -0.15134528  -0.27521476  0.48412135  0.028146954  -0.39881238  -0.45618284
-0.87352085  -0.57110476  -0.5751449  0.60807675  0.5891466  0.41781735  -0.89096534  0.24282034  -0.51706463  0.80470663
-0.33795428  0.2024339  0.2456123  -0.3328446  -0.04281847  -0.35000122  0.19918741  -0.16776946  0.7060262  -1.0051631
-0.741761  -0.02029493  -1.1024957  0.76514655  0.48098916  0.18423696  -0.71641105  -0.18460682  0.107543156  0.6479581
0.11028853  -0.0860302  0.37051162  0.5093847  -0.26256663  -0.30618763  -0.2412384  -0.36026663  0.28440288  -0.15112498
-0.54120415  1.169502  -0.50150347  -0.87218136  0.44799465  -0.009108682  0.26508918  -0.26458207  -0.69530183  -0.3604131
0.32467726  0.20474297  -0.7422986  -0.32614583  0.807187  0.09097201  -0.28129944  0.6461232  -0.1747425  -0.1286287
0.7910864  -0.31141582  0.2904256  -0.262545  0.02413317  -1.0718716  -0.11259906  0.10623384  -0.29879677  0.4498099
0.027642256  -0.8163225  -0.35710818  -0.09060008  0.021251084  0.22976568  0.14285174  0.035172693  0.618739  0.51927316
0.16675825  -0.079777546  -0.3231335  0.44659084  -0.74004376  0.48564905  0.74310696  0.15677309  -0.17295475  -0.489976
-0.8860032  0.6640173  0.5509126  0.75556284  -0.06259659  0.8399886  -0.9317568  -0.59818196  -0.10155322  0.052524585
0.065324865  0.33760062  0.85654145  0.15038347  -0.76532686  -0.21193267  0.47800678  0.94750684  -0.54634297  -0.84325874
-0.2252537  0.17959003  -0.260595  -0.809316  0.25093803  0.4950732  0.7062004  -0.23416533  0.38937375  0.7507284
0.48719922  -0.5143816  -0.59386367  -0.56165063  -0.18137635  0.2875702  -0.3686077  0.09101414  0.43115008  -0.04365412
0.47842532  0.16252184  0.22396961  0.3681738  -0.58051896  -0.68307847  -0.9432946  0.4366123  0.40124512  0.7016369
-0.21712351  0.07758829  0.027200779  -0.6983937  0.7181931  -1.2409772  0.4441879  0.62686265  -0.25176707  0.12162268
0.49608842  -0.17918555  0.6207078  -0.548872  -0.10685016  -0.14252366  0.40909463  -0.18993498  0.6035252  -0.46883246
0.65273774  -0.47833654  0.17354567  -0.0050189425  -0.45419392  0.3671259  0.7307988  -0.80978703  0.3562559  -0.33797932
0.12104381  0.062261924  0.31898692  0.45468408  -0.8463573  -0.03155833  -1.0569402  0.7580797  -0.27020752  0.57704407
0.62354165  0.5082902  0.33986446  -0.046065263  -0.06011899  0.57443905  -0.093802005  -0.2453411  -1.274262  0.022812383
0.15606748  -0.42775768  0.45655772  -0.36891478  0.454329  -0.084574975  0.54502076  -0.95462734  -0.25803962  0.20775405
-0.11945879  0.687105  0.23855226  0.32915378  0.51284444  -0.7524201  0.20921054  0.092856556  -0.87410784  -0.6170723
-0.4827582  -0.13283134  0.93031085  0.36538497  -0.3932017  -0.28984812  -0.57057244  0.63521475  -0.07450811  -1.0279336
-0.15195908  -0.11070796  0.7531296  1.1044794  -0.3241786  -0.37301812  -0.7731676  0.53131086  -0.023060087  -0.83000547
0.10423911  0.8121047  -0.13383289  -0.54467887  -0.087281644  -0.0028247298  -0.3760703  0.17267631  -0.4304751  0.31319177
0.39061758  0.10734341  0.33914495  0.31072676  -0.9011584  0.6545758  -0.004744677  0.54831934  -0.21053055  -0.6453167
